0.0001   3.1410928173489153e-6  -3.393817676846265e-6  -1.1846923977193722e-7  8.023663347775451e-7  -9.249298179213883e-7  -5.914358627384641e-8  -1.5289997121471992e-6  1.5367780626750803e-6  2.429518082768542e-12  
0.0002   2.9295654102596782e-6  -3.1767403766285488e-6  -1.1069044303093115e-7  7.485031924655095e-7  -8.654056813358721e-7  -5.525499441862876e-8  -1.4267019289885061e-6  1.4372995342599917e-6  2.642086025446426e-12  
0.0003   2.3733776421209923e-6  -2.5817247581311648e-6  -8.981552690509249e-8  6.066754021674515e-7  -7.031435932356736e-7  -4.48396917676026e-8  -1.156927995408674e-6  1.1675622900771427e-6  2.6771008104313207e-12  
0.0004   1.634057701904743e-6  -1.7825230869331925e-6  -6.192381596179873e-8  4.179121448859003e-7  -4.853983623705519e-7  -3.092084951965614e-8  -7.974213574558407e-7  8.059154622778548e-7  2.6349837188719922e-12  
0.0005   7.712774130582614e-7  -8.435355715060198e-7  -2.9265090621643796e-8  1.9735601331008537e-7  -2.296657533393499e-7  -1.4616058373147855e-8  -3.7684558853123744e-7  3.813359192691916e-7  2.5516035167705475e-12  
0.0006   -1.8521681596737812e-7  2.0305928639902105e-7  7.0376687945177275e-9  -4.7452059940733726e-8  5.5317536973666335e-8  3.5173291147022987e-9  9.054111587359749e-8  -9.171522126570521e-8  2.4442778654403574e-12  
0.0007   -1.218081800385247e-6  1.3384242704216912e-6  4.6328300676096305e-8  -3.121180815817626e-7  3.6444474361453564e-7  2.31540182601234e-8  5.964370183245429e-7  -6.047978723243307e-7  2.3228034028789485e-12  
0.0008   -2.3161895248072246e-6  2.5504536954321086e-6  8.818537538504432e-8  -5.938216910787787e-7  6.944289775490851e-7  4.408490929917495e-8  1.1355125738097831e-6  -1.1524713391021669e-6  2.193232511807834e-12  
0.0009   -3.471806767532473e-6  3.830700092921499e-6  1.3231536785363246e-7  -8.906048426086953e-7  1.0429873422059993e-6  6.616478954110012e-8  1.7040723003349274e-6  -1.7309745825915133e-6  2.0595554801524745e-12  
0.001   -4.679497303791854e-6  5.173201269329027e-6  1.7851147556507043e-7  -1.2010944665642913e-6  1.408507362060531e-6  8.929145211204627e-8  2.299532144980417e-6  -2.3376490460648434e-6  1.924615823127301e-12  
0.002   -0.000019001101959098316  0.000021338549528106465  7.304591693478646e-7  -4.902375971619754e-6  5.8113840447156955e-6  3.663975769153704e-7  9.435486471103462e-6  -9.647923180142294e-6  7.586768517508029e-13  
0.003   -0.00003651500390201579  0.000041497384596770256  1.4119073038554661e-6  -9.461667012019919e-6  0.000011306186874197836  7.099362452487586e-7  0.000018290924764588  -0.000018778130609458187  1.3123486337645404e-13  
0.004   -0.000056592401665011455  0.00006494360684425957  2.1985874365596645e-6  -0.000014717553055420806  0.00001770129170735267  1.107813353248024e-6  0.000028558267793542593  -0.000029411280441119132  -1.6596274705417132e-14  
0.005   -0.00007883916944092736  0.000091229586246946  3.0751959325217163e-6  -0.000020567882267145075  0.00002487503459329675  1.55236125478301e-6  0.00004004111575906426  -0.00004134582063133784  1.391655326049133e-13  
0.006   -0.00010293864793306471  0.00011999128319049911  4.029366873153366e-6  -0.000026929829888784835  0.000032727888871676994  2.0373364736192396e-6  0.00005257868643732097  -0.000054415907734238734  3.9684880394859435e-13  
0.007   -0.00012860160061913992  0.00015088992624859548  5.049709343798927e-6  -0.000033727252987140986  0.00004116788069381519  2.5569858471934804e-6  0.00006602206460556908  -0.00006846935085914351  5.417958468902949e-13  
0.008   -0.00015552887475128393  0.000183574709709159  6.124443572938129e-6  -0.00004088104382565707  0.0000500980148404336  3.1052905887589503e-6  0.00008021566265796319  -0.0000833427338097189  1.014515862256819e-13  
0.009   -0.00018358571207014452  0.00021788057746663584  7.248136718291844e-6  -0.00004835491006562839  0.00005947375791992404  3.679485099214274e-6  0.00009508690931503502  -0.0000989627836714746  -2.6732029965629594e-13  
0.01   -0.00021258432795020284  0.0002535823027932109  8.413310878696748e-6  -0.00005609828694442992  0.0000692324123795592  4.275700315472117e-6  0.00011053442733155213  -0.00011522310428303708  1.4988137798531482e-13  
0.02   -0.0005356089384137479  0.0006639130596668651  0.000021582874337789135  -0.0001432637049160976  0.0001814431217227402  0.000011055392386198644  0.0002864330097979452  -0.0003022803480360085  2.322118810701376e-12  
0.03   -0.0008840454054447331  0.001126542183439288  0.00003608056154088531  -0.00023861712699783244  0.00030796369400412795  0.00001857865964756852  0.0004818853769220507  -0.0005132066333363924  -2.1229894353777987e-13  
0.04   -0.0012307197226219307  0.0016048046565769487  0.00005075762240665108  -0.0003346828457989306  0.0004388014976843521  0.000026251243028957937  0.0006815996866406135  -0.0007313999774449351  1.8622571674957995e-12  
0.05   -0.0015599592439272706  0.0020759860712670024  0.00006492797469104887  -0.00042715482179560055  0.0005678921033670145  0.000033721933679054  0.0008768122437808327  -0.000946997865779829  5.974371360447859e-14  
0.06   -0.0018619135732302454  0.0025244254028993322  0.0000781404117985594  -0.0005132999946753975  0.0006911307442716624  0.000040760648080105765  0.0010619433442514267  -0.001153457707105366  -4.801281636651821e-12  
0.07   -0.0021305287626024686  0.0029391437950192193  0.00009009862447437918  -0.0005913924446363275  0.000805686235687365  0.000047215523508201925  0.0012334131411267917  -0.0013463524388693197  1.976484966731668e-12  
0.08   -0.0023625180687442604  0.0033126973786693488  0.0001006213038883339  -0.00066042184286507  0.0009096657917836396  0.000052991286721050915  0.0013890178937619928  -0.0015227814898333082  1.5608850472600563e-12  
0.09   -0.0025566722316653604  0.0036405045195920765  0.00010961662327091947  -0.0007199150454577454  0.0010019144044697882  0.00005803609860996561  0.001527577681141355  -0.0016810068939450053  -6.405054466034218e-12  
0.1   -0.00271341759555227  0.003920393471738523  0.00011706542722975913  -0.0007698052496487752  0.0010818443894187264  0.00006233126782555002  0.00164862904161477  -0.0018200883315958722  2.972389619583727e-13  
0.12   -0.0029210155532814783  0.004335280112298291  0.00012746384038508484  -0.0008417657288095567  0.001204378829331988  0.00006870668397269822  0.0018388111123766326  -0.002040266428129597  1.090082755987003e-12  
0.14   -0.0030042746762313052  0.004567566747158947  0.0001324211468759724  -0.0008799661001879549  0.0012793974446598595  0.00007233696678935977  0.001963804368793146  -0.0021860747288163463  4.7611439745131504e-12  
0.16   -0.0029869183346194965  0.004640043986972344  0.00013282853963550055  -0.0008895491227866213  0.0013120015315649563  0.00007358656531074729  0.0020307652997699735  -0.002264374933241891  1.721908748623283e-12  
0.18   -0.00289282849340825  0.004580926912621186  0.0001296520979477603  -0.0008760462724529116  0.001308681182357382  0.00007287383737106228  0.002047994048796407  -0.0022840273269550126  4.066101242356898e-12  
0.2   -0.0027435010857126715  0.004419125874676354  0.00012380543229539729  -0.0008447069459580341  0.0012762326003849702  0.00007061215518733678  0.00202375630682528  -0.002254402472827145  -8.28563226088207e-13  
0.22   -0.002557094791201338  0.004181579744126809  0.00011609045006165245  -0.0008002134421065714  0.0012211784044561676  0.00006718169992084147  0.001965816076368822  -0.0021846861159211086  -2.187339782229342e-12  
0.24   -0.0023484059048172663  0.0038921819914257616  0.00010718272354219468  -0.0007466077742239358  0.0011494854089884753  0.0000629187783436713  0.0018812864977152729  -0.0020834661812907927  -3.505408611473177e-13  
0.26   -0.0021288735985330646  0.0035705582029080633  0.00009761735347746625  -0.0006872198744489074  0.0010662947924877076  0.00005810578252386647  0.0017764516984398412  -0.0019585042792095984  -1.2293876230738543e-12  
0.28   -0.001907124025644404  0.003232780064610255  0.00008781153260229463  -0.0006247346425398793  0.0009759864031949035  0.000052975821635777014  0.0016567675368472673  -0.0018166417801723765  5.241436318662431e-13  
0.3   -0.0016894568362319847  0.0028910654122224436  0.00007807494916008397  -0.0005612576558457204  0.0008820717525659993  0.00004771341638493126  0.001526842755443566  -0.0016636515343452548  9.820285521363595e-12  
0.32   -0.0014803884885747011  0.0025549364170566473  0.00006863755951485907  -0.0004984402331574009  0.0007874577392474485  0.00004246671861116338  0.0013906947274824454  -0.0015046237394120978  -9.691110999457341e-12  
0.34   -0.0012828607800877384  0.00223111211172407  0.00005965457828058137  -0.0004374954519142567  0.0006943477153493258  0.00003734606403686787  0.0012516605137294597  -0.001343682323591456  -5.399156662611306e-12  
0.36   -0.0010987786911216023  0.001924309296920749  0.00005123029443702488  -0.0003793104176566254  0.0006044139361749594  0.00003243348530027081  0.0011124386397452829  -0.0011841907855164534  -5.8559239585130535e-12  
0.38   -0.0009292225652769434  0.0016377463572901524  0.0000434295251971756  -0.0003245265194770123  0.0005189321406070178  0.0000277897656034536  0.0009754035225788502  -0.001028979832199464  -5.991320514093895e-12  
0.4   -0.0007746249749886303  0.0013732606358841215  0.00003628402720658065  -0.0002735474470184584  0.00043874921672308256  0.00002345414574947876  0.000842349563879958  -0.0008801205123003153  -4.591916306397623e-13  
0.42   -0.0006349928148712655  0.0011318081968192673  0.00002980407981695629  -0.00022661944613114893  0.0003644488381585994  0.00001945206184146447  0.0007147431848263228  -0.000739276675622631  -2.344148180620117e-13  
0.44   -0.0005100287014180833  0.0009136423612406819  0.00002398388876518729  -0.0001838703292939955  0.00029639110804855406  0.000015797997072738397  0.0005938179776119357  -0.0006077388824117375  -1.336076413833913e-12  
0.46   -0.00039920325385769246  0.0007184819675953006  0.00001880542792174753  -0.00014531339486390733  0.00023471602792654204  0.000012495773779416348  0.0004804133035216063  -0.0004862761335897103  2.5313145467297e-12  
0.48   -0.0003018528901870192  0.0005456759638896953  0.000014242973994315816  -0.00011090040277670557  0.0001794495179293699  9.543574540784016e-6  0.00037525625339417264  -0.0003755014852684453  -6.840285124410693e-13  
0.5   -0.00021721787384100874  0.0003943287250907711  0.000010265498867311646  -0.00008052176648687691  0.00013049962576556546  6.9338750176384775e-6  0.0002788339017984316  -0.00027572045054734213  6.308999743452985e-14  
0.52   -0.00014448528275534027  0.00026333150044923224  6.838262530961241e-6  -0.000054021678077749416  0.00008766971539304925  4.654503560932696e-6  0.00019140474543392246  -0.00018695490069588986  1.816603621653218e-13  
0.55   -0.00005587997310203703  0.00010242138017567031  2.6502556387848367e-6  -0.000021152769476424368  0.000034388241813788255  1.8238436157868853e-6  0.00007756295762506605  -0.00007431931535353645  2.5714974156129335e-13  
0.6   0.00004419137240476314  -0.00008170267541372843  -2.1026021329277633e-6  0.00001705517815961093  -0.000027788344525109514  -1.4718888780592637e-6  -0.00006621744980121992  0.00006132911289367757  -2.673753212374869e-13  
0.65   0.00009585337143402971  -0.00017864122399177088  -4.5740590742242295e-6  0.00003767580105706874  -0.00006148284950800912  -3.2536000546553266e-6  -0.00015505293151277792  0.00013842042200910991  6.015858515524862e-13  
0.7   0.00011115074845844276  -0.00020872278140703752  -5.318694916183056e-6  0.000044461408050281864  -0.00007263898212978716  -3.841396655163725e-6  -0.00019436971527495389  0.00016671668478660627  8.225817029923314e-13  
0.8   0.00007659155447404754  -0.00014589153778710778  -3.68398522588156e-6  0.000031696295695059675  -0.00005186062767991238  -2.740182274341274e-6  -0.00015813899029521028  0.00012368911338890622  -8.134481607097999e-13  
