1 	1 	5 	0.101404 	0.524164 	0.142989 	1.13559 	3.31193 	2.36975 	0.00195996 	5.38438 	2.32453	0.0013859 	0.00854061 	0.269827 	2.65477e+07 6.21337	1.00027	1.00014	1.00014
1 	1 	5 	0.119919 	0.524195 	0.131273 	1.2274 	3.1402 	2.25657 	0.00175966 	4.68561 	3.63469	0.00124426 	0.0108172 	0.303535 	2.60269e+07 6.24828	1.03112	1.01584	1.01584
1 	1 	5 	0.131908 	0.524184 	0.125326 	1.29518 	3.06099 	2.20487 	0.00163484 	4.49292 	4.24449	0.00115601 	0.011717 	0.324797 	2.63342e+07 6.28319	1.03356	1.01879	1.01879
1 	1 	5 	0.143608 	0.524143 	0.121656 	1.38443 	3.01594 	2.17494 	0.0017279 	4.21561 	4.3923	0.00122181 	0.0122859 	0.312583 	2.54524e+07 6.28319	1.00064	1.0004	1.0004
1 	1 	5 	0.157044 	0.525059 	0.120401 	1.46771 	2.95218 	2.13092 	0.00196891 	4.47025 	4.59586	0.00139223 	0.0139127 	0.266948 	2.68777e+07 6.28319	1.00147	1.00113	1.00113
1 	1 	5 	0.171562 	0.524223 	0.121898 	1.53087 	2.86901 	2.07689 	0.00204358 	3.70571 	5.60277	0.00144503 	0.0162279 	0.263874 	2.5534e+07 6.28319	1.00056	1.00048	1.00048
1 	1 	5 	0.205071 	0.524345 	0.130971 	1.66072 	2.70729 	1.96799 	0.00179091 	5.08845 	12.9448	0.00126636 	0.019818 	0.227854 	4.45898e+07 6.28319	1.07248	1.03647	1.03647
1 	1 	5 	0.082916 	0.524354 	0.318421 	1.11764 	3.64386 	2.56029 	0.0015018 	9.37093 	0.762861	0.00106193 	0.0044318 	0.286002 	4.02473e+07 4.11898	1.02826	1.01463	1.01463
1 	1 	5 	0.0986365 	0.52385 	0.301373 	1.18781 	3.42307 	2.41588 	0.0013744 	8.26941 	3.97682	0.000971851 	0.00626437 	0.307719 	4.15105e+07 4.64258	1.02479	1.01392	1.01392
1 	1 	5 	0.110744 	0.524231 	0.297286 	1.27343 	3.32764 	2.35137 	0.00136379 	7.82017 	4.53157	0.000964344 	0.00799424 	0.313364 	4.06539e+07 4.85202	1.08225	1.04371	1.04371
1 	1 	5 	0.12388 	0.524611 	0.294761 	1.35543 	3.22904 	2.2844 	0.00170211 	7.62688 	5.09565	0.00120358 	0.00997275 	0.250395 	4.08757e+07 4.92183	1.2052	1.10263	1.10263
1 	1 	5 	0.138667 	0.524915 	0.293873 	1.456 	3.14197 	2.22511 	0.00150372 	7.2323 	5.37442	0.00106329 	0.012682 	0.287434 	3.97451e+07 5.23599	1.28968	1.15319	1.15319
1 	1 	5 	0.157132 	0.524663 	0.289391 	1.52748 	3.00567 	2.13445 	0.00167326 	6.77229 	6.37306	0.00118318 	0.0175277 	0.258622 	3.96493e+07 5.68977	1.343	1.20232	1.20232
1 	1 	5 	0.201999 	0.524532 	0.289396 	1.61776 	2.70277 	1.92983 	0.00128463 	7.89807 	17.8756	0.000908371 	0.0327242 	0.262715 	6.51883e+07 5.72468	1.00654	1.0823	1.0823
1 	1 	5 	0.0726599 	0.523911 	0.501597 	1.08701 	3.84469 	2.64309 	0.00179766 	6.46522 	0	0.00127114 	0.00382333 	0.292733 	2.68126e+07 4.60767	1.00086	1.00044	1.00044
1 	1 	5 	0.08555 	0.524161 	0.488965 	1.17329 	3.66232 	2.52039 	0.00193929 	5.88341 	0.593661	0.00137129 	0.00600066 	0.278376 	2.54768e+07 4.95674	1.10206	1.05193	1.05193
1 	1 	5 	0.0969995 	0.524783 	0.489404 	1.23724 	3.51762 	2.41818 	0.00168603 	5.59635 	1.74992	0.00119221 	0.00935468 	0.314637 	2.63842e+07 5.23599	1.29763	1.14939	1.14939
1 	1 	5 	0.109718 	0.524538 	0.485954 	1.30359 	3.37976 	2.32368 	0.00173095 	5.21786 	2.6016	0.00122397 	0.0148067 	0.306614 	2.63599e+07 5.44543	1.49745	1.25849	1.25849
1 	1 	5 	0.125233 	0.524236 	0.485996 	1.37197 	3.22771 	2.21815 	0.0018304 	4.83324 	3.21408	0.00129429 	0.0232189 	0.292653 	2.5876e+07 5.55015	1.53949	1.32422	1.32422
1 	1 	5 	0.14406 	0.524224 	0.48891 	1.45836 	3.08177 	2.11445 	0.00181474 	4.5782 	3.64837	0.00128321 	0.0337457 	0.296729 	2.56063e+07 5.44543	1.38824	1.27946	1.27946
1 	1 	5 	0.188552 	0.524423 	0.486175 	1.59266 	2.78789 	1.90782 	0.00138608 	6.00408 	10.2999	0.000980107 	0.0578315 	0.297766 	4.35882e+07 3.87463	1.02454	1.26902	1.26902
1 	1 	5 	0.069091 	0.524081 	0.681608 	1.07663 	3.92593 	2.62092 	0.00294615 	2.62782 	0	0.00208324 	0.00770843 	0.280168 	1.08981e+07 6.28319	1.10286	1.05149	1.05149
1 	1 	5 	0.0826085 	0.523939 	0.68243 	1.16257 	3.71342 	2.46756 	0.00295092 	2.5852 	0.113696	0.00208662 	0.0179767 	0.279336 	1.09276e+07 6.28319	1.33754	1.17477	1.17477
1 	1 	5 	0.0955083 	0.524832 	0.684095 	1.21085 	3.51078 	2.31787 	0.00262319 	2.24907 	0.815764	0.00185488 	0.0337213 	0.315977 	1.08075e+07 6.28319	1.15636	1.09208	1.09208
1 	1 	5 	0.108765 	0.524296 	0.686533 	1.26782 	3.35207 	2.20125 	0.00310055 	2.1078 	1.23849	0.00219242 	0.051689 	0.265117 	1.09886e+07 4.46804	1.03648	1.05168	1.05168
1 	1 	5 	0.123789 	0.524623 	0.685181 	1.32863 	3.20037 	2.08958 	0.00304929 	1.93852 	1.52893	0.00215617 	0.0764643 	0.271747 	1.08135e+07 4.04916	1.0001	1.04569	1.04569
1 	1 	5 	0.14105 	0.524222 	0.68489 	1.41444 	3.07286 	1.99482 	0.00299467 	1.78199 	1.75382	0.00211755 	0.103962 	0.279842 	1.05724e+07 3.735	1.02254	1.0562	1.0562
1 	1 	5 	0.179938 	0.523497 	0.68258 	1.59754 	2.85988 	1.83585 	0.00230717 	2.88208 	3.55494	0.00163142 	0.148087 	0.275313 	1.84026e+07 3.14159	1.20427	1.29039	1.29039
1 	1 	5 	0.0685269 	0.524171 	0.874211 	1.07128 	3.93296 	2.5114 	0.00584041 	0.641566 	0	0.00412979 	0.0277807 	0.286027 	2.6607e+06 6.28319	1.03464	1.01757	1.01757
1 	1 	5 	0.0805589 	0.52466 	0.873729 	1.14916 	3.74066 	2.36515 	0.00544189 	0.624002 	0.0113545	0.00384799 	0.0521518 	0.310032 	2.60846e+06 4.08407	1.01505	1.01455	1.01455
1 	1 	5 	0.0913855 	0.524835 	0.86995 	1.20705 	3.58659 	2.2497 	0.00668261 	0.581466 	0.118011	0.00472532 	0.0754442 	0.251645 	2.62557e+06 3.63028	1.11423	1.07462	1.07462
1 	1 	5 	0.102831 	0.525595 	0.867902 	1.27422 	3.45972 	2.15153 	0.00615992 	0.553346 	0.182615	0.00435572 	0.10133 	0.272967 	2.62618e+06 3.28122	1.24168	1.14593	1.14593
1 	1 	5 	0.115837 	0.525317 	0.866037 	1.3546 	3.34456 	2.06314 	0.00561299 	0.523818 	0.216048	0.00396898 	0.134108 	0.303154 	2.56437e+06 3.00197	1.39266	1.22246	1.22246
1 	1 	5 	0.131604 	0.525774 	0.866006 	1.46614 	3.24343 	1.98167 	0.00652801 	0.535689 	0.209025	0.004616 	0.175188 	0.258826 	2.60087e+06 2.79253	1.53541	1.29733	1.29733
1 	1 	5 	0.166787 	0.524308 	0.861356 	1.66457 	3.0375 	1.82025 	0.00466499 	0.931367 	0.464122	0.00329864 	0.27987 	0.269298 	4.70467e+06 2.6529	2.10841	1.62033	1.62033
1 	1 	5 	0.100466 	0.527901 	1.04822 	1.36145 	3.66283 	2.14697 	0.00737249 	0.363025 	0.000468191	0.00521314 	0.182001 	0.301138 	1.50639e+06 3.28122	1.91595	1.47716	1.47716
