1 	1 	8 	0.10164 	0.673358 	0.142116 	1.13114 	3.30133 	2.02609 	0.00295643 	2.94433 	0.991738	0.00209051 	0.00387186 	0.24624 	1.40101e+07 6.17847	1.00032	1.00381	1.00381
1 	1 	8 	0.119805 	0.673482 	0.132027 	1.2007 	3.11145 	1.92563 	0.00250273 	2.58577 	2.07903	0.0017697 	0.00521686 	0.285964 	1.44959e+07 6.21337	1.00007	1.00029	1.00029
1 	1 	8 	0.131746 	0.67444 	0.12575 	1.26641 	3.03231 	1.88227 	0.00239202 	2.29978 	2.44122	0.00169141 	0.00584511 	0.304812 	1.3967e+07 6.28319	1.00719	1.0036	1.0036
1 	1 	8 	0.142807 	0.673939 	0.125671 	1.36192 	3.0022 	1.86715 	0.0030417 	2.16163 	2.65599	0.00215081 	0.00613724 	0.241295 	1.37837e+07 6.28319	1.00091	1.00136	1.00136
1 	1 	8 	0.1549 	0.673202 	0.122162 	1.43277 	2.94256 	1.83701 	0.00335784 	2.09079 	2.71656	0.00237435 	0.00666838 	0.220049 	1.35999e+07 6.28319	1.00489	1.00418	1.00418
1 	1 	8 	0.167654 	0.673447 	0.124944 	1.52493 	2.90156 	1.81391 	0.00339507 	2.3254 	2.68171	0.00240068 	0.00709216 	0.210703 	1.45096e+07 6.28319	1.00172	1.00237	1.00237
1 	1 	8 	0.196184 	0.673613 	0.129011 	1.6816 	2.78841 	1.75215 	0.00206952 	3.30985 	5.26918	0.00146337 	0.00726259 	0.272849 	2.3287e+07 6.28319	1.03287	1.01653	1.01653
1 	1 	8 	0.0872675 	0.674062 	0.323127 	1.10985 	3.53737 	2.12064 	0.0021541 	4.77317 	0.717998	0.00152318 	0.00219911 	0.275398 	2.1098e+07 3.83972	1.02277	1.01139	1.01139
1 	1 	8 	0.102067 	0.672959 	0.305202 	1.18527 	3.35999 	2.03078 	0.00231976 	4.42069 	2.27374	0.00164032 	0.00304625 	0.247862 	2.2459e+07 4.43314	1.01248	1.00649	1.00649
1 	1 	8 	0.114084 	0.673847 	0.303132 	1.25487 	3.25481 	1.97205 	0.00207864 	4.02292 	3.09191	0.00146982 	0.00404948 	0.277636 	2.22938e+07 4.81711	1.07281	1.03799	1.03799
1 	1 	8 	0.125994 	0.674261 	0.294514 	1.32938 	3.1718 	1.92804 	0.00161302 	4.04891 	3.06113	0.00114058 	0.00536039 	0.357363 	2.23458e+07 5.44543	1.13548	1.06774	1.06774
1 	1 	8 	0.138129 	0.674768 	0.29183 	1.41765 	3.11066 	1.8944 	0.00214051 	3.78868 	2.97162	0.00151357 	0.00641018 	0.277107 	2.11041e+07 6.00393	1.19585	1.1008	1.1008
1 	1 	8 	0.153203 	0.673519 	0.292356 	1.5068 	3.02643 	1.85098 	0.00261171 	3.72202 	3.1499	0.00184676 	0.00843109 	0.226859 	2.11511e+07 5.96903	1.14437	1.08072	1.08072
1 	1 	8 	0.188726 	0.673446 	0.287642 	1.65452 	2.83003 	1.74514 	0.00173567 	6.00441 	6.58156	0.00122731 	0.0128969 	0.258643 	3.68431e+07 6.28319	1.04695	1.05088	1.05088
1 	1 	8 	0.0761532 	0.672778 	0.501366 	1.09042 	3.76031 	2.19613 	0.00265618 	3.37985 	0.00591472	0.0018782 	0.00154563 	0.273903 	1.40277e+07 3.94444	1.02389	1.01635	1.01635
1 	1 	8 	0.0897644 	0.672974 	0.491599 	1.16822 	3.56559 	2.08952 	0.00261313 	3.19032 	0.780985	0.00184776 	0.00252161 	0.272458 	1.46479e+07 4.32842	1.01628	1.00881	1.00881
1 	1 	8 	0.0998259 	0.674311 	0.490749 	1.23359 	3.46077 	2.02744 	0.00226155 	2.98701 	1.19763	0.00159916 	0.00373111 	0.315755 	1.45607e+07 4.60767	1.11393	1.05972	1.05972
1 	1 	8 	0.110328 	0.673945 	0.486986 	1.29041 	3.35381 	1.96975 	0.00249876 	2.95665 	1.39682	0.00176689 	0.00647985 	0.283496 	1.47962e+07 4.99164	1.25088	1.12547	1.12547
1 	1 	8 	0.122358 	0.674467 	0.485715 	1.36592 	3.26061 	1.91682 	0.00266453 	2.66594 	1.56997	0.00188411 	0.00854796 	0.274249 	1.39048e+07 5.13127	1.42762	1.21852	1.21852
1 	1 	8 	0.136638 	0.673806 	0.483403 	1.4398 	3.15047 	1.85708 	0.00261424 	2.73786 	1.67833	0.00184855 	0.0121516 	0.274679 	1.43996e+07 5.13127	1.55711	1.31084	1.31084
1 	1 	8 	0.171172 	0.672324 	0.481304 	1.62679 	2.96303 	1.75458 	0.00222769 	4.42189 	2.94182	0.00157521 	0.0178778 	0.251384 	2.36761e+07 5.41052	1.60703	1.44416	1.44416
1 	1 	8 	0.0693124 	0.673426 	0.688873 	1.06675 	3.90192 	2.1985 	0.00405972 	1.27163 	0	0.00287065 	0.00190647 	0.292276 	5.27372e+06 4.64258	1.00194	1.00102	1.00102
1 	1 	8 	0.0795319 	0.673593 	0.681723 	1.14386 	3.75698 	2.11686 	0.00459866 	1.1914 	0.00730378	0.00325175 	0.00331368 	0.266212 	4.95424e+06 4.7473	1.06993	1.03666	1.03666
1 	1 	8 	0.0888867 	0.673493 	0.682769 	1.20505 	3.6353 	2.0452 	0.00425728 	1.17955 	0.202295	0.00301035 	0.00596131 	0.279106 	5.25886e+06 5.41052	1.2563	1.12831	1.12831
1 	1 	8 	0.0988938 	0.673937 	0.677123 	1.24875 	3.49695 	1.96574 	0.00404583 	1.12858 	0.361954	0.00286083 	0.010956 	0.29153 	5.3372e+06 5.58505	1.45833	1.23267	1.23267
1 	1 	8 	0.109733 	0.674773 	0.678622 	1.29477 	3.36817 	1.88689 	0.00505605 	1.03122 	0.491734	0.00357516 	0.0176282 	0.237049 	5.16889e+06 5.51524	1.69566	1.39923	1.39923
1 	1 	8 	0.12313 	0.673526 	0.678525 	1.36692 	3.25196 	1.82134 	0.00500148 	0.952745 	0.56132	0.00353658 	0.02581 	0.244391 	4.96969e+06 5.61996	1.6383	1.40261	1.40261
1 	1 	8 	0.153771 	0.671852 	0.671578 	1.6137 	3.12612 	1.75304 	0.00354644 	1.67387 	0.719023	0.00250771 	0.0305025 	0.26756 	8.24648e+06 3.59538	1.62269	1.48591	1.48591
1 	1 	8 	0.0701167 	0.673655 	0.874643 	1.08525 	3.91212 	2.10132 	0.00612578 	0.515086 	0	0.00433158 	0.00810066 	0.304347 	2.13617e+06 6.21337	1.1337	1.06703	1.06703
1 	1 	8 	0.0854758 	0.673912 	0.876883 	1.1756 	3.66851 	1.94795 	0.00623539 	0.46844 	0.0547954	0.00440909 	0.0284387 	0.305803 	2.04213e+06 6.17847	1.36296	1.19321	1.19321
1 	1 	8 	0.101244 	0.672263 	0.873345 	1.25092 	3.45842 	1.82292 	0.00701406 	0.410719 	0.173546	0.00495969 	0.0575711 	0.27346 	2.01822e+06 5.13127	1.14857	1.10521	1.10521
1 	1 	8 	0.131111 	0.671977 	0.866394 	1.54113 	3.33114 	1.74685 	0.0066391 	0.553459 	0.092613	0.00469455 	0.0654478 	0.261503 	2.46334e+06 3.97935	1.21292	1.24226	1.24226
1 	1 	8 	0.0900295 	0.672674 	1.07417 	1.24937 	3.69838 	1.8123 	0.00860393 	0.312218 	0.00919758	0.0060839 	0.121901 	0.276544 	1.31152e+06 6.28319	1.00059	1.01686	1.01686
