2 	2 	2 	0.172241 	0.373948 	0.139089 	2.173 	3.36715 	2.70661 	0.00277633 	2.05782 	0	0.00196316 	0.0113018 	0.335967 	8.53417e+06 6.14356	1.00008	1.00078	1.00078
2 	2 	2 	0.194685 	0.374361 	0.123798 	2.29744 	3.22031 	2.59297 	0.00316548 	2.01767 	0.00130685	0.00223833 	0.0140083 	0.297539 	8.37005e+06 6.28319	1.04924	1.0248	1.0248
2 	2 	2 	0.210725 	0.373894 	0.117916 	2.36005 	3.11413 	2.5116 	0.00302001 	1.95939 	0.269229	0.00213547 	0.0166182 	0.307414 	8.61448e+06 6.28319	1.06408	1.03214	1.03214
2 	2 	2 	0.225175 	0.375001 	0.114984 	2.38888 	3.01328 	2.4315 	0.00322356 	1.79998 	0.609944	0.0022794 	0.0194428 	0.288724 	8.57154e+06 6.28319	1.05693	1.02859	1.02859
2 	2 	2 	0.241119 	0.373636 	0.112324 	2.39387 	2.89782 	2.34389 	0.00347408 	1.63161 	0.864161	0.00245655 	0.0237848 	0.271685 	8.33455e+06 6.21337	1.02134	1.01459	1.01459
2 	2 	2 	0.258532 	0.374028 	0.117001 	2.41711 	2.79277 	2.26052 	0.00322808 	1.55546 	1.06433	0.0022826 	0.0290793 	0.291562 	8.38194e+06 6.28319	1.00578	1.00999	1.00999
2 	2 	2 	0.302351 	0.373777 	0.134821 	2.57641 	2.61561 	2.11941 	0.00260993 	2.16602 	3.29362	0.0018455 	0.0367787 	0.269941 	1.49589e+07 4.92183	1.26502	1.15268	1.15268
2 	2 	2 	0.162301 	0.374914 	0.289908 	2.15165 	3.46359 	2.74732 	0.002752 	2.21118 	0	0.00194596 	0.0104543 	0.326971 	9.17021e+06 4.67748	1.20588	1.10546	1.10546
2 	2 	2 	0.183056 	0.373566 	0.289237 	2.28835 	3.32935 	2.64324 	0.00266828 	2.19263 	0	0.00188676 	0.0143585 	0.338654 	9.09327e+06 4.7473	1.64322	1.32296	1.32296
2 	2 	2 	0.200701 	0.374428 	0.287752 	2.4047 	3.2309 	2.56406 	0.00267369 	2.13164 	0.0597372	0.00189058 	0.0176524 	0.340688 	8.94871e+06 4.85202	1.95725	1.49014	1.49014
2 	2 	2 	0.217386 	0.373925 	0.292145 	2.43757 	3.10322 	2.46186 	0.00298233 	1.98582 	0.438929	0.00210882 	0.0234701 	0.304019 	9.03198e+06 5.09636	2.05532	1.58976	1.58976
2 	2 	2 	0.235752 	0.374795 	0.292429 	2.40258 	2.94121 	2.33171 	0.00275282 	1.8812 	0.810403	0.00194654 	0.0327139 	0.325073 	9.27209e+06 3.59538	1.65591	1.4857	1.4857
2 	2 	2 	0.257337 	0.374817 	0.291729 	2.39886 	2.79113 	2.21239 	0.00281295 	1.67912 	1.05557	0.00198906 	0.0423786 	0.325092 	8.87888e+06 3.735	1.23887	1.41249	1.41249
2 	2 	2 	0.308143 	0.374735 	0.288696 	2.57921 	2.58664 	2.04892 	0.00256058 	2.55286 	3.25233	0.0018106 	0.0587463 	0.262073 	1.64882e+07 3.00197	1.03139	1.40344	1.40344
2 	2 	2 	0.163865 	0.374085 	0.489398 	2.15853 	3.45068 	2.65835 	0.00422585 	1.21598 	0	0.00298813 	0.0251455 	0.287139 	5.04293e+06 3.90954	1.85885	1.48526	1.48526
2 	2 	2 	0.186841 	0.373918 	0.488046 	2.30453 	3.30168 	2.53657 	0.00378353 	1.24118 	0	0.00267536 	0.0341224 	0.317436 	5.14741e+06 3.87463	1.54557	1.3911	1.3911
2 	2 	2 	0.20466 	0.374002 	0.488611 	2.39778 	3.19022 	2.44375 	0.00375447 	1.15893 	0.0831128	0.00265481 	0.044185 	0.325975 	4.95712e+06 3.76991	1.28593	1.30542	1.30542
2 	2 	2 	0.220847 	0.373263 	0.488042 	2.39014 	3.04786 	2.3268 	0.00359959 	1.09127 	0.290409	0.00254529 	0.0588099 	0.336772 	5.05263e+06 3.52557	1.08266	1.27123	1.27123
2 	2 	2 	0.238334 	0.373942 	0.492537 	2.3912 	2.91617 	2.21273 	0.00426705 	0.984234 	0.522422	0.00301726 	0.0764587 	0.28474 	5.02969e+06 3.21141	1.00054	1.32599	1.32599
2 	2 	2 	0.259251 	0.373943 	0.493422 	2.40842 	2.78381 	2.10022 	0.00422487 	0.884349 	0.717921	0.00298743 	0.098048 	0.2893 	4.97017e+06 2.68781	1.06001	1.43158	1.43158
2 	2 	2 	0.309015 	0.374314 	0.49186 	2.56746 	2.57647 	1.92191 	0.00358472 	1.26776 	1.91939	0.00253478 	0.132998 	0.257117 	8.7402e+06 2.26893	1.45285	1.80425	1.80425
2 	2 	2 	0.163903 	0.373086 	0.681922 	2.15859 	3.45026 	2.53731 	0.00553332 	0.581055 	0	0.00391265 	0.0715556 	0.317231 	2.40975e+06 2.6529	1.19191	1.19348	1.19348
2 	2 	2 	0.185433 	0.374278 	0.682124 	2.28519 	3.30281 	2.40667 	0.00645338 	0.563223 	0	0.00456323 	0.0960377 	0.276276 	2.3358e+06 2.61799	1.31884	1.26146	1.26146
2 	2 	2 	0.202 	0.373912 	0.680992 	2.38116 	3.20445 	2.32108 	0.00599278 	0.559467 	0.0196379	0.00423754 	0.118776 	0.296241 	2.35585e+06 2.58309	1.45802	1.3163	1.3163
2 	2 	2 	0.21786 	0.374271 	0.679441 	2.42178 	3.09047 	2.22055 	0.0060708 	0.538513 	0.0889145	0.0042927 	0.145133 	0.290055 	2.39465e+06 2.51327	1.65832	1.40719	1.40719
2 	2 	2 	0.235262 	0.374887 	0.674435 	2.41451 	2.95133 	2.0993 	0.00630156 	0.490957 	0.191943	0.00445587 	0.179978 	0.280036 	2.38436e+06 2.30383	2.10754	1.63696	1.63696
2 	2 	2 	0.25577 	0.375437 	0.669332 	2.41565 	2.81022 	1.97492 	0.00620885 	0.450444 	0.254091	0.00439032 	0.225355 	0.287569 	2.3291e+06 2.02458	2.79305	1.98863	1.98863
2 	2 	2 	0.300213 	0.375224 	0.664493 	2.58047 	2.62837 	1.80783 	0.00523613 	0.68929 	0.735715	0.00370251 	0.29392 	0.254126 	4.19351e+06 1.78024	3.71243	2.4741	2.4741
2 	2 	2 	0.204052 	0.38122 	0.8354 	2.51342 	3.28491 	2.23855 	0.00867249 	0.266357 	0.00183426	0.00613237 	0.191548 	0.298498 	1.10797e+06 1.74533	4.5659	2.83817	2.83817
