1 	1 	2 	0.095131 	0.374018 	0.149051 	1.14041 	3.42962 	2.75546 	0.00161461 	8.22619 	2.61553	0.0011417 	0.0199861 	0.270721 	3.88613e+07 5.96903	1.01533	1.00784	1.00784
1 	1 	2 	0.11287 	0.373895 	0.134569 	1.22371 	3.23631 	2.60679 	0.00139935 	7.08011 	5.01163	0.000989487 	0.0243338 	0.314009 	3.84557e+07 6.24828	1.02366	1.01499	1.01499
1 	1 	2 	0.126424 	0.3738 	0.125701 	1.30484 	3.14038 	2.5332 	0.00152407 	6.79586 	5.96463	0.00107768 	0.0274458 	0.286271 	3.9006e+07 6.28319	1.04752	1.02731	1.02731
1 	1 	2 	0.139788 	0.375421 	0.121498 	1.40134 	3.07499 	2.48021 	0.0016855 	6.94947 	5.99448	0.00119183 	0.0293247 	0.256589 	3.96972e+07 6.28319	1.05899	1.03094	1.03094
1 	1 	2 	0.15436 	0.374286 	0.115485 	1.47869 	2.98929 	2.416 	0.00143662 	6.45044 	6.61299	0.00101585 	0.0330264 	0.304698 	3.87499e+07 6.28319	1.04868	1.02547	1.02547
1 	1 	2 	0.170323 	0.374233 	0.112334 	1.55454 	2.90139 	2.3481 	0.00157757 	6.11757 	7.04673	0.00111551 	0.0368234 	0.279625 	3.81564e+07 6.28319	1.02663	1.01692	1.01692
1 	1 	2 	0.20749 	0.37461 	0.118371 	1.68381 	2.70962 	2.19729 	0.00129069 	7.98641 	17.0797	0.000912656 	0.0478639 	0.26367 	6.41106e+07 6.28319	1.02541	1.02026	1.02026
1 	1 	2 	0.0758439 	0.373478 	0.316776 	1.09984 	3.78363 	2.99719 	0.00123507 	13.6385 	0.0445737	0.000873323 	0.0118977 	0.293148 	5.66426e+07 4.57276	1.00311	1.00161	1.00161
1 	1 	2 	0.0901968 	0.373994 	0.302217 	1.18537 	3.58103 	2.8398 	0.00122332 	12.9122 	3.09078	0.000865021 	0.0152882 	0.289602 	5.91575e+07 5.09636	1.03905	1.02062	1.02062
1 	1 	2 	0.101865 	0.374657 	0.296057 	1.25415 	3.45101 	2.73752 	0.00129348 	11.8173 	5.27574	0.000914629 	0.0191597 	0.275238 	5.85811e+07 4.99164	1.14452	1.07364	1.07364
1 	1 	2 	0.11489 	0.374994 	0.293124 	1.33229 	3.33274 	2.64403 	0.00129543 	11.4384 	6.6219	0.000916009 	0.0245337 	0.272803 	5.94523e+07 5.20108	1.31444	1.15789	1.15789
1 	1 	2 	0.129768 	0.374271 	0.292213 	1.42163 	3.21929 	2.55551 	0.00143294 	10.8788 	6.82232	0.00101324 	0.0309159 	0.250787 	5.74948e+07 5.27089	1.42038	1.22133	1.22133
1 	1 	2 	0.147233 	0.374707 	0.292983 	1.5149 	3.09955 	2.45961 	0.00132021 	10.5061 	7.50913	0.000933532 	0.038766 	0.272912 	5.71954e+07 5.44543	1.54426	1.32144	1.32144
1 	1 	2 	0.192018 	0.375371 	0.294043 	1.6283 	2.79004 	2.21212 	0.00101412 	13.419 	22.9516	0.000717095 	0.0637802 	0.272403 	9.72948e+07 5.68977	1.13115	1.25809	1.25809
1 	1 	2 	0.06971 	0.374577 	0.490712 	1.07864 	3.91193 	3.03361 	0.00135555 	10.0183 	0	0.000958516 	0.0150859 	0.311859 	4.15479e+07 6.28319	1.1014	1.0507	1.0507
1 	1 	2 	0.0835102 	0.374456 	0.488477 	1.17053 	3.70451 	2.86646 	0.00151785 	9.20399 	0.59875	0.00107329 	0.0252984 	0.286522 	3.92571e+07 6.28319	1.22178	1.11409	1.11409
1 	1 	2 	0.0963703 	0.374164 	0.490083 	1.23069 	3.5209 	2.71657 	0.00153344 	8.16076 	2.86359	0.00108431 	0.038377 	0.284397 	3.904e+07 6.28319	1.13732	1.07676	1.07676
1 	1 	2 	0.109968 	0.374124 	0.492397 	1.27963 	3.34723 	2.57346 	0.00141036 	7.64457 	4.34634	0.000997272 	0.0552046 	0.307064 	3.95896e+07 5.89921	1.03711	1.04343	1.04343
1 	1 	2 	0.125195 	0.374512 	0.492444 	1.3598 	3.21531 	2.46416 	0.00152068 	7.27639 	5.37596	0.00107528 	0.0703167 	0.283567 	3.99308e+07 4.50295	1.00318	1.03335	1.03335
1 	1 	2 	0.143452 	0.374383 	0.492661 	1.45269 	3.08303 	2.35439 	0.00154982 	6.95536 	5.67156	0.00109589 	0.0892368 	0.281047 	3.91358e+07 3.97935	1.00613	1.0501	1.0501
1 	1 	2 	0.190178 	0.374506 	0.493792 	1.60714 	2.78977 	2.10688 	0.00122549 	9.52402 	18.1989	0.000866549 	0.141532 	0.261106 	7.25181e+07 3.31613	1.25302	1.24538	1.24538
1 	1 	2 	0.0679438 	0.375383 	0.672718 	1.07061 	3.94841 	2.96525 	0.002566 	2.93952 	0	0.00181444 	0.0302897 	0.304141 	1.21908e+07 6.17847	1.00003	1.00158	1.00158
1 	1 	2 	0.0795237 	0.375862 	0.671953 	1.15147 	3.76914 	2.81452 	0.00271034 	2.94962 	0.0219718	0.0019165 	0.0449928 	0.286983 	1.22726e+07 4.46804	1.086	1.05346	1.05346
1 	1 	2 	0.0908596 	0.376009 	0.667507 	1.22544 	3.62311 	2.69402 	0.00265053 	2.83341 	0.417773	0.00187421 	0.0587265 	0.290676 	1.25087e+07 3.87463	1.24413	1.13585	1.13585
1 	1 	2 	0.103285 	0.37643 	0.664346 	1.3097 	3.49696 	2.58838 	0.00248567 	2.77517 	0.631099	0.00175764 	0.0735114 	0.308166 	1.26543e+07 3.1765	1.40814	1.21938	1.21938
1 	1 	2 	0.117728 	0.376744 	0.663676 	1.42421 	3.39532 	2.50126 	0.00255976 	2.7374 	0.598125	0.00181002 	0.0884546 	0.30184 	1.24378e+07 2.93215	1.59448	1.32558	1.32558
1 	1 	2 	0.135592 	0.376545 	0.66227 	1.55001 	3.27587 	2.39932 	0.00262134 	2.75519 	0.602927	0.00185357 	0.110291 	0.293777 	1.25203e+07 2.68781	1.80306	1.43516	1.43516
1 	1 	2 	0.178426 	0.377758 	0.654695 	1.72517 	2.98659 	2.14912 	0.00243951 	4.15527 	2.18805	0.00172499 	0.181383 	0.242577 	2.12027e+07 2.47837	2.67285	1.86966	1.86966
1 	1 	2 	0.0966727 	0.38498 	0.82708 	1.37731 	3.75357 	2.66919 	0.00589889 	0.61012 	0	0.00417115 	0.0741093 	0.290397 	2.53029e+06 2.54818	2.95772	2.00113	2.00113
