2 	1 	5 	0.0992362 	0.523304 	0.144194 	1.12348 	3.33213 	2.38485 	0.00192698 	3.2901 	1.21878	0.00136258 	0.00745406 	0.355118 	1.58561e+07 6.28319	1.00827	1.00714	1.00714
2 	1 	5 	0.117926 	0.525124 	0.132257 	1.2157 	3.15471 	2.26448 	0.00223154 	2.83733 	2.58309	0.00157793 	0.00930527 	0.301031 	1.64538e+07 6.21337	1.01296	1.00659	1.00659
2 	1 	5 	0.13126 	0.524162 	0.125689 	1.28757 	3.06085 	2.20453 	0.00222645 	2.65359 	2.77172	0.00157434 	0.011564 	0.305643 	1.6034e+07 6.28319	1.024	1.01204	1.01204
2 	1 	5 	0.143002 	0.524001 	0.122658 	1.37455 	3.01257 	2.17314 	0.00200104 	2.5656 	3.00195	0.00141495 	0.0117181 	0.339515 	1.60868e+07 6.28319	1.0142	1.00747	1.00747
2 	1 	5 	0.15475 	0.524472 	0.123426 	1.45828 	2.96665 	2.1413 	0.00179536 	2.70736 	2.64279	0.00126951 	0.013152 	0.379161 	1.6023e+07 6.28319	1.00555	1.00283	1.00283
2 	1 	5 	0.168197 	0.524475 	0.122512 	1.50613 	2.87898 	2.08318 	0.00241215 	2.43031 	3.29183	0.00170564 	0.0153532 	0.281958 	1.60517e+07 6.28319	1.00047	1.00026	1.00026
2 	1 	5 	0.20197 	0.524167 	0.129115 	1.65388 	2.72664 	1.98131 	0.00174359 	3.58762 	8.15058	0.00123291 	0.019114 	0.286923 	2.9667e+07 6.28319	1.06819	1.03413	1.03413
2 	1 	5 	0.0824023 	0.522755 	0.319098 	1.11047 	3.64432 	2.5642 	0.00164835 	6.48353 	0.481376	0.00116556 	0.00415507 	0.313743 	2.77619e+07 3.83972	1.03672	1.01867	1.01867
2 	1 	5 	0.0975893 	0.52445 	0.304929 	1.18967 	3.44461 	2.4283 	0.00168815 	5.5498 	2.44629	0.0011937 	0.00558055 	0.308055 	2.74547e+07 4.36332	1.01214	1.00663	1.00663
2 	1 	5 	0.110063 	0.524267 	0.297332 	1.26196 	3.3246 	2.34928 	0.00171908 	4.94056 	3.2572	0.00121557 	0.0073607 	0.308501 	2.63994e+07 4.7473	1.08999	1.04662	1.04662
2 	1 	5 	0.122368 	0.524358 	0.290709 	1.34276 	3.23547 	2.29055 	0.00148739 	5.25387 	3.23484	0.00105174 	0.00942414 	0.348346 	2.76581e+07 4.88692	1.18455	1.09228	1.09228
2 	1 	5 	0.136361 	0.524111 	0.290224 	1.43351 	3.14758 	2.23148 	0.00159895 	4.73462 	3.46758	0.00113063 	0.0121199 	0.334685 	2.5927e+07 5.13127	1.25691	1.13325	1.13325
2 	1 	5 	0.153266 	0.524548 	0.291182 	1.50587 	3.02492 	2.14721 	0.00164466 	4.43424 	4.08451	0.00116295 	0.0165232 	0.326178 	2.58006e+07 5.37561	1.36721	1.21817	1.21817
2 	1 	5 	0.197468 	0.524419 	0.289121 	1.60659 	2.72897 	1.94788 	0.00132936 	5.68784 	11.7575	0.000939997 	0.0312202 	0.305829 	4.49214e+07 6.14356	1.02028	1.08331	1.08331
2 	1 	5 	0.0720226 	0.523696 	0.499614 	1.08346 	3.85562 	2.65184 	0.0019338 	4.32911 	0	0.0013674 	0.00350872 	0.332551 	1.79537e+07 4.64258	1.00004	1.00011	1.00011
2 	1 	5 	0.0845129 	0.524248 	0.488216 	1.16766 	3.67726 	2.53091 	0.00189319 	4.04422 	0.277832	0.00133869 	0.00513031 	0.34628 	1.72763e+07 5.02655	1.06394	1.03315	1.03315
2 	1 	5 	0.0959254 	0.524367 	0.486035 	1.23089 	3.52963 	2.42876 	0.00207103 	3.81389 	1.15079	0.00146444 	0.00869846 	0.310939 	1.79049e+07 5.55015	1.26987	1.13537	1.13537
2 	1 	5 	0.108143 	0.524502 	0.48471 	1.30314 	3.40449 	2.34177 	0.00195696 	3.42688 	1.66493	0.00138378 	0.0123605 	0.335419 	1.72328e+07 5.44543	1.50425	1.25576	1.25576
2 	1 	5 	0.122742 	0.524755 	0.485543 	1.35622 	3.24441 	2.22926 	0.00201921 	3.17731 	2.10768	0.00142779 	0.0206418 	0.327287 	1.70011e+07 5.58505	1.57703	1.33043	1.33043
2 	1 	5 	0.140432 	0.52415 	0.487729 	1.44731 	3.11232 	2.13671 	0.0020764 	2.97273 	2.42158	0.00146824 	0.0292063 	0.320914 	1.67222e+07 5.79449	1.46841	1.3187	1.3187
2 	1 	5 	0.184127 	0.524093 	0.486884 	1.57698 	2.81251 	1.92531 	0.00162459 	4.09496 	6.96811	0.00114876 	0.0553014 	0.308157 	2.96256e+07 3.80482	1.0402	1.24291	1.24291
2 	1 	5 	0.0691066 	0.524553 	0.680632 	1.0776 	3.92688 	2.62102 	0.00280353 	1.85181 	0	0.0019824 	0.00710981 	0.350724 	7.67984e+06 6.28319	1.12463	1.06515	1.06515
2 	1 	5 	0.0818818 	0.524452 	0.681554 	1.15931 	3.72503 	2.47541 	0.00283295 	1.72189 	0.0588888	0.0020032 	0.015918 	0.357276 	7.24786e+06 6.28319	1.35113	1.17928	1.17928
2 	1 	5 	0.0944097 	0.524696 	0.684513 	1.21431 	3.53648 	2.33651 	0.00281956 	1.58683 	0.519478	0.00199373 	0.0299561 	0.352337 	7.52342e+06 6.28319	1.18138	1.10478	1.10478
2 	1 	5 	0.107431 	0.523352 	0.684782 	1.26273 	3.36706 	2.21519 	0.00332799 	1.37133 	0.75729	0.00235325 	0.0481374 	0.308124 	7.0612e+06 5.06145	1.04208	1.05031	1.05031
2 	1 	5 	0.121729 	0.524079 	0.685142 	1.31901 	3.21817 	2.10378 	0.00297724 	1.32773 	1.01177	0.00210523 	0.0691544 	0.337771 	7.34212e+06 4.15388	1.00081	1.04297	1.04297
2 	1 	5 	0.138644 	0.523947 	0.686713 	1.3929 	3.0795 	1.99927 	0.00316903 	1.22076 	1.15471	0.00224084 	0.101084 	0.321388 	7.15787e+06 3.56047	1.03218	1.07054	1.07054
2 	1 	5 	0.177497 	0.522965 	0.682098 	1.58608 	2.87233 	1.84643 	0.0023855 	1.91457 	2.37993	0.0016868 	0.146998 	0.326253 	1.22582e+07 3.31613	1.18115	1.25319	1.25319
2 	1 	5 	0.0691147 	0.524608 	0.873763 	1.0748 	3.92252 	2.50289 	0.00543468 	0.516633 	0	0.0038429 	0.0278175 	0.342535 	2.14258e+06 6.21337	1.02803	1.01506	1.01506
2 	1 	5 	0.0825486 	0.524366 	0.873234 	1.15995 	3.71087 	2.34344 	0.00518384 	0.51329 	0.0205826	0.00366553 	0.0540074 	0.357159 	2.16606e+06 3.94444	1.02466	1.02621	1.02621
2 	1 	5 	0.0954573 	0.525645 	0.868571 	1.2302 	3.53802 	2.21171 	0.00623259 	0.453449 	0.121488	0.00440711 	0.081755 	0.301626 	2.10097e+06 3.52557	1.1445	1.09164	1.09164
2 	1 	5 	0.109749 	0.525139 	0.868003 	1.31639 	3.39589 	2.10238 	0.00534845 	0.436021 	0.168484	0.00378192 	0.11856 	0.350406 	2.11396e+06 3.28122	1.32974	1.18521	1.18521
2 	1 	5 	0.127506 	0.525525 	0.864699 	1.42833 	3.25906 	1.99622 	0.00595125 	0.41631 	0.181068	0.00420817 	0.16526 	0.319395 	2.05505e+06 2.79253	1.52761	1.2938	1.2938
2 	1 	5 	0.164186 	0.524452 	0.863425 	1.65112 	3.05264 	1.83042 	0.00480717 	0.625628 	0.308169	0.00339919 	0.286159 	0.319186 	3.15375e+06 2.75762	2.06078	1.58836	1.58836
2 	1 	5 	0.0994642 	0.527571 	1.048 	1.35562 	3.67403 	2.15713 	0.00856931 	0.238697 	0.000155497	0.00605941 	0.185066 	0.31955 	990206 3.00197	1.92335	1.48332	1.48332
