2 	2 	3 	0.173814 	0.423444 	0.137133 	2.1609 	3.34211 	2.59314 	0.00363551 	1.63049 	0	0.00257069 	0.00841545 	0.288234 	6.76198e+06 6.17847	1.00063	1.00034	1.00034
2 	2 	3 	0.195752 	0.423809 	0.127564 	2.28293 	3.20124 	2.48846 	0.00377637 	1.65923 	0.00464777	0.0026703 	0.0102751 	0.2749 	6.8896e+06 6.28319	1.03387	1.01839	1.01839
2 	2 	3 	0.211831 	0.424714 	0.119805 	2.35901 	3.10448 	2.41541 	0.00398226 	1.52489 	0.308411	0.00281589 	0.0122805 	0.260801 	6.8836e+06 6.28319	1.05636	1.02974	1.02974
2 	2 	3 	0.225989 	0.424455 	0.117901 	2.40002 	3.01326 	2.34814 	0.0040302 	1.46203 	0.515845	0.00284978 	0.0143669 	0.255561 	6.99927e+06 6.28319	1.06541	1.03368	1.03368
2 	2 	3 	0.24088 	0.42416 	0.119136 	2.4046 	2.90518 	2.26814 	0.00351417 	1.33344 	0.709904	0.00248489 	0.0174841 	0.296957 	6.81809e+06 6.28319	1.00798	1.00805	1.00805
2 	2 	3 	0.258567 	0.425043 	0.124121 	2.43224 	2.80007 	2.18775 	0.00444557 	1.23875 	0.924466	0.0031435 	0.0209138 	0.2348 	6.81468e+06 6.21337	1.00437	1.00486	1.00486
2 	2 	3 	0.301776 	0.423722 	0.139065 	2.58033 	2.62048 	2.05325 	0.00300189 	1.66174 	2.67838	0.00212266 	0.0271685 	0.264796 	1.17512e+07 5.65487	1.30704	1.16755	1.16755
2 	2 	3 	0.162576 	0.424978 	0.292428 	2.15398 	3.46206 	2.64868 	0.00281288 	1.90958 	0	0.00198901 	0.00719667 	0.344231 	7.91941e+06 4.43314	1.11403	1.0596	1.0596
2 	2 	3 	0.183118 	0.424527 	0.286143 	2.29602 	3.33389 	2.55415 	0.00320706 	1.94308 	0	0.00226774 	0.00943827 	0.299307 	8.05834e+06 4.67748	1.39831	1.20412	1.20412
2 	2 	3 	0.200894 	0.424851 	0.290923 	2.40952 	3.23222 	2.47502 	0.00319668 	1.94667 	0.066944	0.00226039 	0.0130095 	0.297771 	8.1947e+06 5.02655	1.60254	1.30145	1.30145
2 	2 	3 	0.218839 	0.424427 	0.28807 	2.432 	3.08817 	2.36761 	0.00385428 	1.7307 	0.409665	0.00272539 	0.0174181 	0.251199 	7.92086e+06 5.3058	1.80535	1.44381	1.44381
2 	2 	3 	0.238022 	0.424232 	0.29248 	2.38319 	2.9142 	2.23483 	0.00304546 	1.57609 	0.744147	0.00215346 	0.0257331 	0.318605 	7.88653e+06 5.16617	1.54536	1.39993	1.39993
2 	2 	3 	0.261032 	0.424225 	0.288624 	2.40633 	2.77164 	2.12793 	0.00373798 	1.49711 	0.953371	0.00264315 	0.0345679 	0.258725 	7.93862e+06 3.7001	1.11899	1.28298	1.28298
2 	2 	3 	0.311458 	0.424484 	0.287169 	2.58515 	2.57156 	1.97446 	0.00236706 	2.291 	2.71629	0.00167376 	0.0478333 	0.303047 	1.44297e+07 2.86234	1.08967	1.31794	1.31794
2 	2 	3 	0.163196 	0.423533 	0.485865 	2.15857 	3.4584 	2.57823 	0.00410023 	0.961069 	0	0.0028993 	0.0158167 	0.332877 	3.98575e+06 3.10669	3.06396	2.07786	2.07786
2 	2 	3 	0.1853 	0.423269 	0.488929 	2.29588 	3.31133 	2.46195 	0.00466012 	0.985374 	0	0.0032952 	0.0232478 	0.289249 	4.08655e+06 3.1765	2.22103	1.71241	1.71241
2 	2 	3 	0.203456 	0.422939 	0.486325 	2.38877 	3.19569 	2.37276 	0.00445156 	0.962329 	0.0557278	0.00314772 	0.0300092 	0.302596 	4.09208e+06 3.28122	1.79328	1.53896	1.53896
2 	2 	3 	0.220363 	0.424464 	0.488317 	2.41207 	3.06442 	2.2656 	0.00415974 	0.855832 	0.26078	0.00294138 	0.0401297 	0.326614 	4.02247e+06 3.28122	1.37897	1.40401	1.40401
2 	2 	3 	0.238169 	0.423449 	0.488984 	2.39521 	2.91954 	2.15185 	0.0042439 	0.789554 	0.380224	0.00300089 	0.0557603 	0.322477 	3.96431e+06 2.75762	1.11657	1.43375	1.43375
2 	2 	3 	0.259587 	0.423882 	0.489877 	2.39736 	2.77611 	2.03593 	0.0049397 	0.730974 	0.541817	0.0034929 	0.0749544 	0.275313 	4.01457e+06 2.47837	1.0002	1.55536	1.55536
2 	2 	3 	0.309032 	0.424262 	0.488052 	2.58157 	2.58261 	1.87841 	0.00398019 	1.07446 	1.46699	0.00281442 	0.100511 	0.25661 	7.11771e+06 2.0944	1.19072	1.86573	1.86573
2 	2 	3 	0.165974 	0.423906 	0.689784 	2.16776 	3.43323 	2.439 	0.00610904 	0.486886 	0	0.00431974 	0.0574978 	0.313895 	2.01921e+06 3.10669	1.00493	1.12664	1.12664
2 	2 	3 	0.190173 	0.424164 	0.688474 	2.30539 	3.26907 	2.30285 	0.00633786 	0.488724 	0	0.00448154 	0.08563 	0.301992 	2.02684e+06 2.96706	1.01864	1.17316	1.17316
2 	2 	3 	0.209055 	0.423765 	0.685677 	2.37907 	3.13995 	2.19649 	0.0064311 	0.463388 	0.0616498	0.00454748 	0.112434 	0.297117 	2.03362e+06 2.82743	1.07908	1.18228	1.18228
2 	2 	3 	0.227473 	0.423983 	0.687175 	2.37616 	2.98831 	2.06609 	0.00620495 	0.420292 	0.176747	0.00438756 	0.152311 	0.305692 	2.06372e+06 2.61799	1.31411	1.31779	1.31779
2 	2 	3 	0.247154 	0.423991 	0.68752 	2.36994 	2.84348 	1.94021 	0.00674663 	0.371954 	0.265317	0.00477059 	0.200248 	0.283896 	2.02396e+06 2.37365	1.6606	1.49356	1.49356
2 	2 	3 	0.270767 	0.423808 	0.683324 	2.41554 	2.71614 	1.83169 	0.00628804 	0.35361 	0.325154	0.00444631 	0.251094 	0.302185 	2.05645e+06 2.05949	2.11814	1.74835	1.74835
2 	2 	3 	0.310103 	0.423185 	0.671517 	2.61834 	2.59001 	1.73023 	0.00702621 	0.30848 	0.415568	0.00496828 	0.275327 	0.271971 	2.03333e+06 1.88496	2.56991	2.12371	2.12371
2 	2 	3 	0.211348 	0.426415 	0.856042 	2.42699 	3.17515 	2.06547 	0.00583875 	0.609495 	0.0575033	0.00412862 	0.262692 	0.287662 	2.63203e+06 2.16421	2.76843	1.93404	1.93404
